5.687500 43.187500 -15.500000
8.625000 41.500000 -14.875000
10.375000 40.125000 -14.687500
10.375000 39.375000 -14.125000
11.187500 38.750000 -14.937500
12.750000 36.812500 -18.500000
14.812500 33.875000 -22.437500
16.937500 28.000000 -26.750000
19.062500 18.750000 -30.625000
20.625000 8.500000 -32.625000
24.312500 -15.562500 -29.750000
24.312500 -15.562500 -29.750000
25.375000 -25.187500 -23.875000
25.437500 -32.750000 -15.062500
24.250000 -37.625000 -4.437500
18.250000 -39.875000 14.625000
12.437500 -40.812500 17.187500
12.437500 -40.812500 17.187500
4.687500 -40.500000 17.312500
-3.000000 -40.937500 15.187500
-10.312500 -40.187500 14.687500
-18.812500 -34.500000 18.625000
-18.812500 -34.500000 18.625000
-21.562500 -30.312500 22.187500
-23.437500 -25.062500 25.625000
-25.500000 -12.625000 31.187500
-25.500000 -12.625000 31.187500
-22.625000 5.750000 33.125000
-22.625000 5.750000 33.125000
-15.000000 23.687500 31.812500
-10.312500 30.500000 29.500000
-4.375000 35.562500 24.437500
3.812500 39.062500 17.125000
12.187500 39.937500 7.125000
19.312500 38.062500 -3.500000
19.312500 38.062500 -3.500000
22.625000 31.187500 -19.500000
22.625000 31.187500 -19.500000
20.812500 30.312500 -23.375000
19.562500 31.937500 -23.187500
19.562500 31.937500 -23.187500
18.625000 33.125000 -22.000000
18.687500 34.250000 -21.375000
19.500000 35.250000 -18.687500
19.750000 37.062500 -13.750000
18.500000 40.250000 -7.875000
15.687500 42.250000 -1.375000
11.000000 44.437500 2.375000
5.625000 45.437500 3.250000
1.562500 45.437500 0.812500
1.562500 45.437500 0.812500
-1.375000 42.500000 -12.750000
1.312500 39.750000 -19.500000
6.062500 36.812500 -23.312500
12.312500 34.937500 -23.375000
17.750000 34.500000 -19.437500
17.750000 34.500000 -19.437500
20.312500 38.125000 -5.062500
16.062500 41.000000 2.875000
9.687500 43.125000 8.437500
2.562500 44.000000 10.437500
-5.562500 44.375000 6.937500
-10.250000 43.750000 0.375000
-12.125000 42.250000 -8.562500
-10.312500 40.125000 -17.312500
-5.312500 37.875000 -24.062500
0.375000 34.687500 -28.312500
6.937500 32.750000 -29.375000
12.750000 32.375000 -26.812500
18.000000 34.062500 -21.375000
20.562500 37.000000 -13.875000
19.750000 40.625000 -4.500000
16.312500 43.187500 4.250000
10.125000 45.000000 10.000000
3.562500 46.250000 10.937500
-3.000000 46.250000 7.375000
-8.312500 45.875000 0.000000
-12.125000 44.062500 -8.437500
-12.625000 41.437500 -16.562500
-10.000000 37.312500 -24.250000
-4.687500 33.625000 -29.750000
1.812500 30.125000 -33.375000
8.187500 28.562500 -33.187500
14.250000 30.062500 -29.062500
18.937500 31.937500 -21.750000
21.250000 35.812500 -12.250000
19.812500 39.500000 -1.750000
14.937500 41.187500 8.375000
7.250000 43.250000 14.375000
-2.000000 43.312500 16.875000
-11.125000 43.437500 12.687500
-17.500000 43.437500 3.812500
-19.750000 41.500000 -5.687500
-18.062500 38.750000 -16.250000
-13.187500 34.937500 -24.312500
-6.937500 31.125000 -30.125000
0.000000 29.000000 -33.062500
6.875000 28.812500 -32.312500
13.062500 31.500000 -26.250000
18.500000 34.437500 -17.250000
22.062500 36.375000 -7.062500
22.687500 37.375000 4.812500
18.312500 37.812500 14.187500
9.437500 38.687500 20.625000
-2.125000 40.000000 22.562500
-14.187500 40.187500 18.687500
-23.500000 38.687500 11.250000
-28.937500 35.875000 0.500000
-30.187500 32.312500 -11.125000
-26.812500 28.250000 -22.250000
-20.812500 24.687500 -31.500000
-13.187500 23.062500 -36.500000
-3.812500 23.250000 -37.437500
6.375000 25.625000 -34.375000
16.125000 28.312500 -28.250000
23.875000 30.625000 -18.250000
28.875000 31.312500 -5.312500
29.625000 30.312500 8.062500
28.125000 29.687500 19.125000
26.000000 29.312500 26.125000
23.250000 29.812500 28.437500
20.187500 32.750000 27.062500
16.625000 36.125000 25.000000
13.437500 38.625000 22.937500
11.437500 39.375000 22.312500
9.812500 40.437500 21.375000
10.437500 39.812500 21.875000
10.250000 39.500000 22.750000
8.812500 38.750000 25.562500
7.250000 35.375000 30.937500
3.000000 32.000000 34.625000
-1.875000 28.187500 37.687500
-8.062500 26.062500 37.875000
-15.125000 25.875000 35.125000
-21.750000 27.250000 30.750000
-27.625000 29.000000 24.625000
-32.562500 29.750000 18.187500
-36.375000 29.250000 11.250000
-38.625000 28.500000 5.062500
-40.000000 27.562500 -0.125000
-40.500000 26.062500 -6.312500
-40.812500 24.125000 -9.312500
-41.375000 20.937500 -11.500000
-42.500000 15.687500 -13.500000
-44.125000 8.937500 -13.312500
-44.250000 1.812500 -13.812500
-44.687500 -5.687500 -13.937500
-44.000000 -12.312500 -13.000000
-42.062500 -16.187500 -13.375000
-40.750000 -20.187500 -13.062500
-38.812500 -23.562500 -12.500000
-37.437500 -25.250000 -13.375000
-37.375000 -26.437500 -13.625000
-35.875000 -26.750000 -15.687500
-35.937500 -27.250000 -15.062500
-34.750000 -29.187500 -10.062500
-33.562500 -31.562500 -5.125000
-32.687500 -34.250000 0.000000
-31.562500 -36.125000 2.312500
-31.312500 -37.062500 1.500000
-30.062500 -38.125000 0.562500
-28.562500 -39.312500 0.875000
-26.062500 -40.562500 2.875000
-23.062500 -39.812500 9.187500
-19.437500 -36.750000 18.500000
-16.312500 -32.187500 27.875000
-13.687500 -25.812500 36.937500
-11.750000 -19.437500 41.562500
-9.437500 -13.875000 43.750000
-6.437500 -9.250000 44.875000
-3.000000 -7.562500 45.187500
0.937500 -9.000000 44.625000
4.125000 -13.062500 44.062500
7.812500 -19.500000 41.437500
11.000000 -26.062500 38.125000
15.687500 -32.187500 32.062500
20.500000 -37.312500 22.812500
24.000000 -39.937500 12.250000
27.125000 -40.250000 1.625000
29.375000 -37.812500 -8.687500
32.000000 -33.375000 -16.062500
34.250000 -24.687500 -21.937500
37.250000 -14.750000 -25.437500
40.250000 -6.750000 -22.187500
42.375000 -2.125000 -17.937500
44.875000 -1.750000 -9.250000
45.625000 -5.062500 1.062500
43.937500 -8.875000 9.375000
40.687500 -12.937500 18.812500
36.125000 -18.437500 25.125000
30.687500 -24.437500 27.875000
24.500000 -30.625000 29.000000
16.437500 -36.312500 26.312500
7.125000 -40.812500 18.187500
-3.250000 -42.375000 7.937500
-13.500000 -41.812500 -3.000000
-22.937500 -38.312500 -10.375000
-31.937500 -31.500000 -10.687500
-38.312500 -22.625000 -5.125000
-42.250000 -12.375000 3.125000
-44.500000 -4.125000 9.312500
-44.437500 4.250000 13.250000
-44.250000 11.000000 12.187500
-42.937500 17.125000 6.875000
-38.312500 26.062500 -1.625000
-28.937500 32.312500 -11.750000
-14.750000 37.062500 -18.625000
1.437500 36.687500 -23.562500
16.750000 32.000000 -22.375000
28.812500 26.500000 -17.000000
36.500000 18.750000 -9.562500
40.625000 13.000000 1.437500
41.125000 7.250000 12.437500
36.687500 2.062500 24.875000
29.625000 -0.750000 34.687500
19.437500 -0.500000 41.625000
9.250000 4.187500 44.812500
2.750000 11.750000 44.187500
-0.937500 19.937500 41.250000
-1.500000 26.500000 38.062500
-2.875000 31.125000 34.562500
-5.000000 34.687500 31.062500
-6.500000 37.437500 28.750000
-8.000000 39.625000 25.687500
-6.687500 42.187500 22.625000
-3.312500 44.500000 16.562500
-0.125000 45.375000 6.187500
6.250000 43.625000 -7.125000
13.687500 36.125000 -19.750000
20.562500 22.375000 -29.187500
25.875000 4.437500 -31.937500
26.875000 -14.187500 -28.687500
23.750000 -30.062500 -23.937500
16.500000 -40.875000 -17.312500
5.875000 -46.187500 -10.625000
-5.062500 -46.187500 -3.250000
-15.375000 -42.375000 6.000000
-23.000000 -32.812500 17.062500
-27.125000 -15.875000 25.125000
-25.625000 4.812500 26.500000
-20.250000 25.187500 21.062500
-12.375000 39.625000 8.937500
-2.000000 44.687500 -3.937500
6.937500 42.750000 -14.500000
12.000000 38.375000 -22.687500
15.062500 32.437500 -29.125000
16.375000 24.875000 -34.437500
16.750000 17.937500 -38.500000
18.687500 8.562500 -40.312500
23.875000 -3.000000 -37.312500
28.125000 -13.812500 -31.937500
31.250000 -25.250000 -21.312500
32.375000 -33.687500 -8.250000
31.187500 -35.687500 5.812500
27.562500 -33.937500 19.687500
24.875000 -28.250000 30.062500
21.750000 -17.875000 37.937500
18.687500 -7.312500 41.937500
16.187500 2.375000 43.375000
16.250000 11.375000 42.312500
18.750000 17.250000 38.625000
23.062500 20.500000 34.625000
28.812500 22.937500 29.375000
33.062500 23.000000 25.937500
36.937500 19.062500 24.250000
40.500000 13.125000 21.937500
42.937500 5.312500 21.062500
41.937500 -2.500000 23.937500
38.500000 -5.750000 27.812500
35.062500 -5.625000 32.750000
32.937500 0.812500 33.250000
35.000000 9.750000 27.312500
37.750000 17.625000 18.750000
37.750000 26.187500 8.937500
35.812500 31.500000 1.187500
30.500000 35.187500 -7.125000
22.187500 36.250000 -16.562500
11.312500 33.500000 -26.312500
-0.250000 27.500000 -33.437500
-9.937500 17.875000 -38.875000
-19.687500 -4.812500 -38.875000
-21.000000 -15.437500 -36.437500
-21.000000 -15.437500 -36.437500
-19.750000 -25.000000 -31.312500
-17.500000 -37.812500 -9.750000
-10.562500 -41.000000 5.062500
-3.125000 -39.625000 18.000000
-3.125000 -39.625000 18.000000
8.187500 -37.500000 25.625000
16.625000 -34.750000 29.187500
20.437500 -33.875000 26.937500
22.250000 -36.000000 21.750000
22.062500 -38.125000 16.937500
23.062500 -40.187500 12.062500
22.875000 -37.500000 18.000000
22.250000 -33.500000 24.750000
22.250000 -33.500000 24.750000
22.250000 -33.500000 24.750000
16.437500 -25.062500 36.125000
0.437500 -22.125000 39.000000
0.437500 -22.125000 39.000000
-12.000000 -18.687500 37.250000
-25.000000 -11.562500 33.562500
-39.375000 12.625000 14.687500
-39.375000 12.625000 14.687500
-29.000000 33.187500 -10.250000
-29.000000 33.187500 -10.250000
-3.000000 34.187500 -29.187500
-3.000000 34.187500 -29.187500
22.187500 15.812500 -34.875000
22.187500 15.812500 -34.875000
36.750000 -10.875000 -17.875000
36.750000 -10.875000 -17.875000
29.687500 -14.250000 19.187500
29.687500 -14.250000 19.187500
29.687500 -14.250000 19.187500
-6.562500 6.937500 44.437500
-6.562500 6.937500 44.437500
-30.812500 -0.250000 19.750000
-30.812500 -0.250000 19.750000
-36.375000 -0.750000 -19.937500
-36.375000 -0.750000 -19.937500
-17.625000 6.687500 -40.500000
-17.625000 6.687500 -40.500000
-2.562500 15.750000 -43.062500
-2.562500 15.750000 -43.062500
-0.125000 20.875000 -41.250000
-0.125000 20.875000 -41.250000
7.187500 31.937500 -29.812500
7.187500 31.937500 -29.812500
25.250000 33.125000 -0.500000
25.250000 33.125000 -0.500000
23.062500 10.500000 31.875000
5.500000 0.250000 38.312500
-13.187500 -7.125000 36.500000
-13.187500 -7.125000 36.500000
-39.062500 -9.437500 24.875000
-39.062500 -9.437500 24.875000
-42.812500 -6.187500 18.750000
-43.562500 1.187500 14.437500
-43.562500 9.875000 10.500000
-43.062500 18.000000 9.437500
-40.750000 22.125000 12.937500
-38.187500 18.062500 19.875000
-35.562500 7.625000 26.000000
-32.750000 -5.750000 29.187500
-32.750000 -5.750000 29.187500
-28.500000 -22.312500 29.750000
-27.437500 -24.250000 29.875000
-25.062500 -21.375000 33.437500
-22.500000 -13.625000 37.187500
-19.000000 1.312500 37.312500
-15.875000 19.625000 29.187500
-14.562500 31.625000 10.250000
-14.500000 28.937500 -11.062500
-14.500000 28.937500 -11.062500
-19.937500 -10.687500 -29.437500
-24.125000 -28.000000 -23.062500
-26.312500 -37.000000 -14.437500
-29.312500 -36.937500 -8.562500
-31.062500 -34.125000 -7.250000
-33.562500 -31.625000 -5.937500
-37.250000 -27.687500 -3.875000
-40.125000 -24.000000 0.375000
-42.187500 -19.625000 6.375000
-41.812500 -13.437500 14.000000
-39.062500 -3.937500 21.812500
-35.062500 6.312500 26.875000
-32.250000 15.875000 29.625000
-31.000000 22.500000 28.312500
-32.937500 24.250000 25.312500
-37.062500 22.625000 20.562500
-41.062500 19.687500 14.000000
-44.187500 16.375000 8.375000
-45.937500 13.937500 2.812500
-46.625000 11.812500 -1.125000
-46.812500 8.625000 -4.312500
-45.875000 2.750000 -9.062500
-41.000000 -6.125000 -16.375000
-27.187500 -19.187500 -21.375000
-8.312500 -29.125000 -20.937500
12.437500 -32.937500 -17.437500
29.875000 -32.500000 -8.312500
38.937500 -23.375000 1.750000
42.875000 -10.750000 6.000000
42.687500 0.750000 4.375000
40.687500 10.250000 -4.312500
37.937500 14.375000 -15.687500
34.625000 11.625000 -26.500000
30.375000 5.250000 -34.562500
22.812500 -2.000000 -38.062500
9.312500 -7.500000 -41.750000
-10.062500 -9.375000 -35.750000
-10.062500 -9.375000 -35.750000
-37.437500 -3.875000 -4.687500
-40.500000 -2.375000 14.500000
-30.500000 -3.812500 28.812500
-14.687500 -9.750000 34.750000
-0.125000 -18.187500 36.625000
10.750000 -26.312500 35.312500
9.187500 -32.312500 30.562500
-2.937500 -34.625000 26.125000
-17.062500 -31.875000 21.312500
-29.000000 -27.187500 9.187500
-33.187500 -22.500000 -5.875000
-31.062500 -17.687500 -21.625000
-22.812500 -16.312500 -35.187500
-9.375000 -18.437500 -38.375000
4.000000 -24.437500 -33.562500
14.187500 -31.437500 -18.125000
14.562500 -30.125000 3.812500
3.187500 -14.687500 19.187500
-11.687500 5.125000 22.937500
-27.375000 21.250000 16.187500
-36.500000 19.187500 2.562500
-33.875000 0.750000 -9.875000
-27.187500 -20.187500 -14.062500
-15.937500 -38.937500 -14.875000
-2.750000 -45.562500 -10.187500
5.312500 -45.000000 2.687500
10.500000 -38.062500 17.500000
12.062500 -26.125000 31.375000
11.250000 -12.937500 40.937500
9.625000 -1.125000 45.625000
9.187500 6.625000 46.125000
10.625000 11.125000 45.062500
12.750000 15.062500 43.437500
12.812500 19.250000 41.687500
2.062500 19.687500 39.187500
-13.125000 11.062500 30.187500
-25.937500 -1.562500 16.687500
-34.562500 -16.500000 1.062500
-30.875000 -29.500000 -14.687500
-18.875000 -33.937500 -24.875000
-6.437500 -35.000000 -28.562500
9.125000 -31.562500 -28.562500
25.375000 -21.812500 -24.000000
36.000000 -12.625000 -16.937500
43.562500 -2.812500 -11.562500
45.500000 4.312500 -9.062500
44.750000 6.125000 -9.812500
45.437500 7.125000 -9.875000
45.500000 5.125000 -8.125000
45.750000 -1.187500 -4.312500
44.375000 -11.125000 0.312500
37.000000 -24.187500 3.375000
25.937500 -36.500000 3.750000
14.187500 -45.437500 2.687500
2.125000 -49.437500 -0.500000
-7.875000 -48.437500 -4.812500
-17.187500 -42.062500 -9.625000
-24.875000 -31.812500 -16.562500
-29.687500 -22.187500 -23.750000
-31.437500 -13.812500 -29.687500
-31.500000 -10.375000 -31.812500
-29.500000 -8.875000 -34.187500
-27.625000 -4.187500 -35.812500
-26.437500 0.875000 -36.437500
-23.875000 6.500000 -39.312500
-24.062500 10.375000 -39.125000
-25.500000 8.812500 -38.750000
-26.125000 7.250000 -39.000000
-26.937500 5.750000 -39.312500
-25.937500 5.875000 -39.562500
-21.625000 10.750000 -39.125000
-16.750000 19.812500 -36.312500
-10.312500 31.250000 -26.562500
-2.562500 40.062500 -12.812500
3.437500 43.875000 3.875000
9.000000 39.125000 20.437500
12.750000 26.375000 32.312500
11.562500 10.062500 39.750000
6.875000 -8.125000 40.750000
-2.687500 -23.687500 33.437500
-13.500000 -33.312500 23.687500
-22.625000 -37.125000 14.687500
-29.687500 -36.312500 10.750000
-30.562500 -34.562500 13.312500
-28.250000 -34.000000 17.375000
-24.250000 -35.500000 20.250000
-19.875000 -38.875000 20.312500
-20.750000 -38.125000 18.812500
-26.687500 -29.500000 17.062500
-33.375000 -12.937500 12.250000
-36.875000 7.250000 3.125000
-35.187500 22.437500 -8.562500
-28.437500 28.812500 -22.812500
-21.437500 27.500000 -33.812500
-19.500000 22.500000 -39.187500
-19.312500 17.875000 -41.062500
-22.125000 7.312500 -38.625000
-26.562500 -4.250000 -33.250000
-29.437500 -16.312500 -26.625000
-31.625000 -27.437500 -19.000000
-32.562500 -31.875000 -9.750000
-32.312500 -31.500000 2.937500
-29.062500 -23.250000 17.875000
-18.375000 -8.250000 29.375000
-5.125000 10.687500 32.437500
10.187500 26.000000 27.687500
23.187500 33.875000 17.937500
29.687500 35.062500 6.562500
34.312500 31.687500 -1.625000
34.312500 25.312500 -13.250000
29.125000 13.125000 -25.750000
20.750000 -3.125000 -32.437500
8.875000 -19.312500 -35.250000
-4.312500 -32.625000 -26.625000
-10.437500 -38.937500 -9.312500
-4.937500 -36.187500 8.187500
3.562500 -31.750000 23.750000
17.062500 -25.062500 33.125000
28.812500 -19.750000 33.250000
32.750000 -20.312500 28.875000
34.125000 -22.500000 13.125000
33.500000 -26.312500 -1.750000
30.875000 -29.687500 -15.250000
25.687500 -31.437500 -26.937500
22.000000 -31.437500 -29.125000
9.312500 -24.500000 -34.062500
-7.000000 -12.687500 -32.375000
-21.875000 1.875000 -25.375000
-33.750000 17.062500 -12.562500
-33.812500 25.812500 5.125000
-25.562500 29.312500 19.812500
-14.750000 29.500000 30.312500
-3.250000 26.312500 36.812500
5.500000 19.875000 41.062500
7.937500 12.375000 43.750000
8.250000 2.500000 45.312500
5.750000 -4.937500 46.250000
1.750000 -8.375000 46